   1.9860e+03   1.8960e+03
   1.9870e+03   1.9388e+03
   1.9880e+03   2.1686e+03
   1.9890e+03   2.7532e+03
   1.9900e+03   2.6337e+03
   1.9910e+03   3.1688e+03
   1.9920e+03   3.3011e+03
   1.9930e+03   3.7541e+03
   1.9940e+03   3.8344e+03
   1.9950e+03   5.1171e+03
   1.9960e+03   6.4483e+03
   1.9970e+03   7.9082e+03
   1.9980e+03   9.1814e+03
   1.9990e+03   1.1497e+04
   2.0000e+03   1.0787e+04
   2.0010e+03   1.0022e+04
   2.0020e+03   8.3416e+03
   2.0030e+03   1.0454e+04
   2.0040e+03   1.0783e+04
   2.0050e+03   1.0718e+04
   2.0060e+03   1.2463e+04
   2.0070e+03   1.3265e+04
   2.0080e+03   8.7764e+03
   2.0090e+03   1.0428e+04
   2.0100e+03   1.1578e+04
   2.0110e+03   1.2218e+04
   2.0120e+03   1.3104e+04
   2.0130e+03   1.6577e+04
   2.0140e+03   1.7823e+04
   2.0150e+03   1.7425e+04
   2.0160e+03   1.9763e+04
   2.0170e+03   2.4719e+04
   2.0180e+03   2.3327e+04
   2.0190e+03   2.8538e+04
   2.0200e+03   3.0606e+04
   2.0210e+03   3.6338e+04
   2.0220e+03   3.3147e+04
